# X, A1, B1, A2, B2, ..., Am, Bm
-4 8.320370039842812E-7 0.9999375231714794 0.9840326382933491 1.0 6.553675729333866E-5 1.0 0.9582118383270735 1.0 0.9952633113219881 1.0 1.7432905720240388E-10 0.9994949644672075 0.7746681287320645 0.7532006367901442 5.395707898911808E-5 0.999988185762925 0.9999999999999964 1.0 0.9844127185556494 0.9999999131035575 6.399411676830101E-12 0.9990114888545295 4.2933593770887044E-6 0.3676981952035499 0.9999999999971554 2.786475082833181E-179 0.9997429482892701 1.0 0.9999999999399498 0.9865311529133235 
-3 9.53647700700854E-6 0.9999998771278185 0.2538718137757037 1.0 0.003140800563578375 0.9999999999999998 0.4360337604352374 1.0 0.945580217905638 0.999999999999996 6.044179264634107E-9 0.9999990860574524 0.952571146601273 0.8789637532496344 5.789784088252978E-4 0.9999999773661442 0.9999999999997768 0.9999999999991795 0.9568277062689708 0.9999961610032497 3.876208939428594E-10 0.9999999998235876 2.316797301225744E-5 0.43259126521271907 0.9999999999243196 1.8682629964987674E-149 0.9942315553089676 1.0 0.9999999992594111 0.9780925996776246 
-2 1.092933516217975E-4 0.9999999997583642 0.0018750405082719184 1.0 0.13153780329636233 0.999999999999986 0.025406752178151453 1.0 0.5896389353554828 0.9999999999996458 2.09558270714776E-7 0.999999998346907 0.9915492016155051 0.9452954826866886 0.006181063138221905 0.9999999999566382 0.9999999999861664 0.9999999778280833 0.8860747566999957 0.9998304244880032 2.3478713606268566E-8 1.0 1.2500943699884229E-4 0.4998827875018314 0.9999999979865528 1.2526243803829186E-119 0.8842348453220852 1.0 0.9999999908664366 0.9645570356755832 
-1 0.0012512571234101514 0.9999999999995248 1.0371604175196634E-5 1.0 0.8792420682169898 0.9999999999994102 8.782191919721331E-4 1.0 0.10620311788446193 0.9999999999694342 7.265563441659977E-6 0.99999999999701 0.998543237964465 0.9762572507400347 0.06259304873941285 0.999999999999917 0.999999999142337 0.999401267040617 0.7318626087398192 0.9925627541087915 1.422134985339851E-6 1.0 6.742223994719198E-4 0.5671785561043412 0.9999999464330012 8.398538328223673E-90 0.25289157524008693 1.0 0.9999998873572546 0.9431446073296023 
0 0.014156227050428447 0.9999999999999991 5.72631339504501E-8 1.0 0.9971511140786999 0.9999999999751408 2.963673585497175E-5 1.0 0.009730391363380764 0.9999999973616551 2.518434293273299E-4 0.9999999999999947 0.9997503385042584 0.9898827699714704 0.41754446783156146 0.9999999999999998 0.9999999468259378 0.058181375356581536 0.4892336021336945 0.7512960646641687 8.613331433130285E-5 1.0 0.003627578156804525 0.6320837660449161 0.9999985748722315 5.631013347279884E-60 0.014779009989394038 1.0 0.9999986107970605 0.9100031090321689 
1 0.14132453936509026 1.0 3.1615484159988377E-10 0.9999999999999998 0.9999405714487631 0.9999999989522361 9.99313030433037E-7 0.9999999999999376 8.118999910175423E-4 0.9999997722658195 0.008658266707164967 1.0 0.9999572555520444 0.9957231149851772 0.8850085657003304 1.0 0.9999967032833257 2.286260406640221E-6 0.25157350197416856 0.06400095922944658 0.0051905763996462585 1.0 0.019268338574919764 0.6925322032575493 0.999962086398732 3.7754559279305744E-30 6.643302601502323E-4 0.9999999999999998 0.9999828674551469 0.8604025258899847 
2 0.6535496758859094 1.0 1.7455188235574493E-12 0.9999999999987563 0.9999987636902635 0.9999999558391552 3.369463168368459E-8 0.9999999999549563 6.718998254895178E-5 0.9999803430318692 0.23243038531589294 1.0 0.9999926829947394 0.9981981572990963 0.9880421945083951 1.0 0.9997956486584214 8.461291700840151E-11 0.10551421309001645 0.0015453329100430049 0.24014500149658954 1.0 0.09585826868949482 0.7470238938531047 0.9989923012294069 0.7168222045063232 2.945919062008852E-5 0.999999999998177 0.9997887481192673 0.7897802918853261 
3 0.9557943556741165 1.0 9.63716369808656E-15 0.9999999898503508 0.9999999742821484 0.9999981387251127 1.1361076163271056E-9 0.9999999675244037 5.556607519639578E-6 0.9983061086420122 0.9130349563013269 1.0 0.9999987475099932 0.9992419778310273 0.9988739837155617 1.0 0.987486448370167 3.1314584012214526E-15 0.03975056981517344 3.5031691746821646E-5 0.9503549573439874 1.0 0.36391886774537785 0.794720803154817 0.973864887250084 1.0 1.3055514658354528E-6 0.9999999732403864 0.9974008873037065 0.6960516174710656 
4 0.9959810257502985 1.05.3207632533159565E-17 0.99991718249882190.999999999465015 0.99992155754246573.830700651029304E-11 0.99997658633356774.5950512753667454E-7 0.87225034734331870.9972603297101732 1.00.9999997856058216 0.99968129863007660.999895010384066 1.00.5600181607473317 1.1589284549517564E-190.014319155237113858 7.929733710971042E-70.9991383150101566 1.00.7553449103409516 0.83540622270835150.583439222491665 1.05.785694493697767E-8 0.99960733575678080.9688627231258067 0.5826180980325537
